 80
  3    1   4   7 
  3    0   2  10 
  3    1   3  12 
  3    2   4  15 
  3    0   3   5 
  3    4   6  17 
  3    5   7  19 
  3    0   6   8 
  3    7   9  21 
  3    8  10  23 
  3    1   9  11 
  3   10  12  25 
  3    2  11  13 
  3   12  14  27 
  3   13  15  30 
  3    3  14  16 
  3   15  17  32 
  3    5  16  18 
  3   17  19  34 
  3    6  18  20 
  3   19  21  36 
  3    8  20  22 
  3   21  23  38 
  3    9  22  24 
  3   23  25  40 
  3   11  24  26 
  3   25  27  42 
  3   13  26  28 
  3   27  29  44 
  3   28  30  47 
  3   14  29  31 
  3   30  32  49 
  3   16  31  33 
  3   32  34  51 
  3   18  33  35 
  3   34  36  53 
  3   20  35  37 
  3   36  38  55 
  3   22  37  39 
  3   38  40  57 
  3   24  39  41 
  3   40  42  59 
  3   26  41  43 
  3   42  44  61 
  3   28  43  45 
  3   44  46  62 
  3   45  47  65 
  3   29  46  48 
  3   47  49  66 
  3   31  48  50 
  3   49  51  68 
  3   33  50  52 
  3   51  53  69 
  3   35  52  54 
  3   53  55  71 
  3   37  54  56 
  3   55  57  72 
  3   39  56  58 
  3   57  59  74 
  3   41  58  60 
  3   59  61  76 
  3   43  60  62 
  3   45  61  63 
  3   62  64  76 
  3   63  65  77 
  3   46  64  66 
  3   48  65  67 
  3   66  68  78 
  3   50  67  69 
  3   52  68  70 
  3   69  71  79 
  3   54  70  72 
  3   56  71  73 
  3   72  74  79 
  3   58  73  75 
  3   74  76  77 
  3   60  63  75 
  3   64  75  78 
  3   67  77  79 
  3   70  73  78 
 80
  3    1   4   7 
  3    0   2  10 
  3    1   3  12 
  3    2   4  15 
  3    0   3   5 
  3    4   6  17 
  3    5   7  19 
  3    0   6   8 
  3    7   9  21 
  3    8  10  24 
  3    1   9  11 
  3   10  12  26 
  3    2  11  13 
  3   12  14  27 
  3   13  15  30 
  3    3  14  16 
  3   15  17  32 
  3    5  16  18 
  3   17  19  34 
  3    6  18  20 
  3   19  21  35 
  3    8  20  22 
  3   21  23  37 
  3   22  24  40 
  3    9  23  25 
  3   24  26  42 
  3   11  25  27 
  3   13  26  28 
  3   27  29  43 
  3   28  30  46 
  3   14  29  31 
  3   30  32  48 
  3   16  31  33 
  3   32  34  50 
  3   18  33  35 
  3   20  34  36 
  3   35  37  51 
  3   22  36  38 
  3   37  39  53 
  3   38  40  56 
  3   23  39  41 
  3   40  42  58 
  3   25  41  43 
  3   28  42  44 
  3   43  45  59 
  3   44  46  62 
  3   29  45  47 
  3   46  48  64 
  3   31  47  49 
  3   48  50  66 
  3   33  49  51 
  3   36  50  52 
  3   51  53  67 
  3   38  52  54 
  3   53  55  69 
  3   54  56  72 
  3   39  55  57 
  3   56  58  74 
  3   41  57  59 
  3   44  58  60 
  3   59  61  74 
  3   60  62  75 
  3   45  61  63 
  3   62  64  77 
  3   47  63  65 
  3   64  66  79 
  3   49  65  67 
  3   52  66  68 
  3   67  69  79 
  3   54  68  70 
  3   69  71  78 
  3   70  72  76 
  3   55  71  73 
  3   72  74  75 
  3   57  60  73 
  3   61  73  76 
  3   71  75  77 
  3   63  76  78 
  3   70  77  79 
  3   65  68  78 
 80
  3    1   4   7 
  3    0   2  10 
  3    1   3  12 
  3    2   4  15 
  3    0   3   5 
  3    4   6  17 
  3    5   7  19 
  3    0   6   8 
  3    7   9  21 
  3    8  10  24 
  3    1   9  11 
  3   10  12  26 
  3    2  11  13 
  3   12  14  27 
  3   13  15  30 
  3    3  14  16 
  3   15  17  32 
  3    5  16  18 
  3   17  19  34 
  3    6  18  20 
  3   19  21  36 
  3    8  20  22 
  3   21  23  38 
  3   22  24  41 
  3    9  23  25 
  3   24  26  43 
  3   11  25  27 
  3   13  26  28 
  3   27  29  44 
  3   28  30  47 
  3   14  29  31 
  3   30  32  49 
  3   16  31  33 
  3   32  34  51 
  3   18  33  35 
  3   34  36  53 
  3   20  35  37 
  3   36  38  55 
  3   22  37  39 
  3   38  40  57 
  3   39  41  59 
  3   23  40  42 
  3   41  43  61 
  3   25  42  44 
  3   28  43  45 
  3   44  46  62 
  3   45  47  65 
  3   29  46  48 
  3   47  49  66 
  3   31  48  50 
  3   49  51  68 
  3   33  50  52 
  3   51  53  69 
  3   35  52  54 
  3   53  55  71 
  3   37  54  56 
  3   55  57  72 
  3   39  56  58 
  3   57  59  74 
  3   40  58  60 
  3   59  61  76 
  3   42  60  62 
  3   45  61  63 
  3   62  64  76 
  3   63  65  77 
  3   46  64  66 
  3   48  65  67 
  3   66  68  78 
  3   50  67  69 
  3   52  68  70 
  3   69  71  79 
  3   54  70  72 
  3   56  71  73 
  3   72  74  79 
  3   58  73  75 
  3   74  76  77 
  3   60  63  75 
  3   64  75  78 
  3   67  77  79 
  3   70  73  78 
 80
  3    1   4   7 
  3    0   2  10 
  3    1   3  12 
  3    2   4  15 
  3    0   3   5 
  3    4   6  17 
  3    5   7  19 
  3    0   6   8 
  3    7   9  21 
  3    8  10  24 
  3    1   9  11 
  3   10  12  26 
  3    2  11  13 
  3   12  14  28 
  3   13  15  31 
  3    3  14  16 
  3   15  17  33 
  3    5  16  18 
  3   17  19  35 
  3    6  18  20 
  3   19  21  37 
  3    8  20  22 
  3   21  23  39 
  3   22  24  42 
  3    9  23  25 
  3   24  26  44 
  3   11  25  27 
  3   26  28  46 
  3   13  27  29 
  3   28  30  47 
  3   29  31  49 
  3   14  30  32 
  3   31  33  51 
  3   16  32  34 
  3   33  35  53 
  3   18  34  36 
  3   35  37  55 
  3   20  36  38 
  3   37  39  56 
  3   22  38  40 
  3   39  41  57 
  3   40  42  60 
  3   23  41  43 
  3   42  44  62 
  3   25  43  45 
  3   44  46  64 
  3   27  45  47 
  3   29  46  48 
  3   47  49  65 
  3   30  48  50 
  3   49  51  67 
  3   32  50  52 
  3   51  53  69 
  3   34  52  54 
  3   53  55  71 
  3   36  54  56 
  3   38  55  57 
  3   40  56  58 
  3   57  59  71 
  3   58  60  73 
  3   41  59  61 
  3   60  62  74 
  3   43  61  63 
  3   62  64  76 
  3   45  63  65 
  3   48  64  66 
  3   65  67  77 
  3   50  66  68 
  3   67  69  78 
  3   52  68  70 
  3   69  71  72 
  3   54  58  70 
  3   70  73  79 
  3   59  72  74 
  3   61  73  75 
  3   74  76  79 
  3   63  75  77 
  3   66  76  78 
  3   68  77  79 
  3   72  75  78 
 80
  3    1   4   7 
  3    0   2  10 
  3    1   3  12 
  3    2   4  15 
  3    0   3   5 
  3    4   6  17 
  3    5   7  19 
  3    0   6   8 
  3    7   9  21 
  3    8  10  24 
  3    1   9  11 
  3   10  12  26 
  3    2  11  13 
  3   12  14  28 
  3   13  15  31 
  3    3  14  16 
  3   15  17  33 
  3    5  16  18 
  3   17  19  35 
  3    6  18  20 
  3   19  21  37 
  3    8  20  22 
  3   21  23  39 
  3   22  24  42 
  3    9  23  25 
  3   24  26  44 
  3   11  25  27 
  3   26  28  46 
  3   13  27  29 
  3   28  30  47 
  3   29  31  49 
  3   14  30  32 
  3   31  33  51 
  3   16  32  34 
  3   33  35  53 
  3   18  34  36 
  3   35  37  55 
  3   20  36  38 
  3   37  39  57 
  3   22  38  40 
  3   39  41  59 
  3   40  42  61 
  3   23  41  43 
  3   42  44  63 
  3   25  43  45 
  3   44  46  64 
  3   27  45  47 
  3   29  46  48 
  3   47  49  65 
  3   30  48  50 
  3   49  51  67 
  3   32  50  52 
  3   51  53  69 
  3   34  52  54 
  3   53  55  70 
  3   36  54  56 
  3   55  57  72 
  3   38  56  58 
  3   57  59  73 
  3   40  58  60 
  3   59  61  75 
  3   41  60  62 
  3   61  63  77 
  3   43  62  64 
  3   45  63  65 
  3   48  64  66 
  3   65  67  77 
  3   50  66  68 
  3   67  69  78 
  3   52  68  70 
  3   54  69  71 
  3   70  72  79 
  3   56  71  73 
  3   58  72  74 
  3   73  75  79 
  3   60  74  76 
  3   75  77  78 
  3   62  66  76 
  3   68  76  79 
  3   71  74  78 
 80
  3    1   4   7 
  3    0   2  10 
  3    1   3  12 
  3    2   4  15 
  3    0   3   5 
  3    4   6  17 
  3    5   7  20 
  3    0   6   8 
  3    7   9  22 
  3    8  10  24 
  3    1   9  11 
  3   10  12  26 
  3    2  11  13 
  3   12  14  28 
  3   13  15  31 
  3    3  14  16 
  3   15  17  32 
  3    5  16  18 
  3   17  19  34 
  3   18  20  37 
  3    6  19  21 
  3   20  22  39 
  3    8  21  23 
  3   22  24  41 
  3    9  23  25 
  3   24  26  43 
  3   11  25  27 
  3   26  28  45 
  3   13  27  29 
  3   28  30  47 
  3   29  31  50 
  3   14  30  32 
  3   16  31  33 
  3   32  34  51 
  3   18  33  35 
  3   34  36  53 
  3   35  37  56 
  3   19  36  38 
  3   37  39  58 
  3   21  38  40 
  3   39  41  59 
  3   23  40  42 
  3   41  43  61 
  3   25  42  44 
  3   43  45  62 
  3   27  44  46 
  3   45  47  64 
  3   29  46  48 
  3   47  49  66 
  3   48  50  69 
  3   30  49  51 
  3   33  50  52 
  3   51  53  69 
  3   35  52  54 
  3   53  55  70 
  3   54  56  72 
  3   36  55  57 
  3   56  58  74 
  3   38  57  59 
  3   40  58  60 
  3   59  61  75 
  3   42  60  62 
  3   44  61  63 
  3   62  64  76 
  3   46  63  65 
  3   64  66  78 
  3   48  65  67 
  3   66  68  79 
  3   67  69  70 
  3   49  52  68 
  3   54  68  71 
  3   70  72  79 
  3   55  71  73 
  3   72  74  77 
  3   57  73  75 
  3   60  74  76 
  3   63  75  77 
  3   73  76  78 
  3   65  77  79 
  3   67  71  78 
 80
  3    1   4   7 
  3    0   2  10 
  3    1   3  12 
  3    2   4  15 
  3    0   3   5 
  3    4   6  17 
  3    5   7  20 
  3    0   6   8 
  3    7   9  22 
  3    8  10  24 
  3    1   9  11 
  3   10  12  26 
  3    2  11  13 
  3   12  14  28 
  3   13  15  31 
  3    3  14  16 
  3   15  17  33 
  3    5  16  18 
  3   17  19  35 
  3   18  20  37 
  3    6  19  21 
  3   20  22  39 
  3    8  21  23 
  3   22  24  41 
  3    9  23  25 
  3   24  26  43 
  3   11  25  27 
  3   26  28  45 
  3   13  27  29 
  3   28  30  47 
  3   29  31  50 
  3   14  30  32 
  3   31  33  52 
  3   16  32  34 
  3   33  35  54 
  3   18  34  36 
  3   35  37  55 
  3   19  36  38 
  3   37  39  57 
  3   21  38  40 
  3   39  41  59 
  3   23  40  42 
  3   41  43  61 
  3   25  42  44 
  3   43  45  62 
  3   27  44  46 
  3   45  47  64 
  3   29  46  48 
  3   47  49  65 
  3   48  50  68 
  3   30  49  51 
  3   50  52  69 
  3   32  51  53 
  3   52  54  71 
  3   34  53  55 
  3   36  54  56 
  3   55  57  72 
  3   38  56  58 
  3   57  59  74 
  3   40  58  60 
  3   59  61  76 
  3   42  60  62 
  3   44  61  63 
  3   62  64  77 
  3   46  63  65 
  3   48  64  66 
  3   65  67  77 
  3   66  68  78 
  3   49  67  69 
  3   51  68  70 
  3   69  71  79 
  3   53  70  72 
  3   56  71  73 
  3   72  74  79 
  3   58  73  75 
  3   74  76  78 
  3   60  75  77 
  3   63  66  76 
  3   67  75  79 
  3   70  73  78 
 80
  3    1   4   7 
  3    0   2  10 
  3    1   3  13 
  3    2   4  16 
  3    0   3   5 
  3    4   6  18 
  3    5   7  21 
  3    0   6   8 
  3    7   9  23 
  3    8  10  25 
  3    1   9  11 
  3   10  12  27 
  3   11  13  29 
  3    2  12  14 
  3   13  15  31 
  3   14  16  34 
  3    3  15  17 
  3   16  18  35 
  3    5  17  19 
  3   18  20  37 
  3   19  21  40 
  3    6  20  22 
  3   21  23  42 
  3    8  22  24 
  3   23  25  44 
  3    9  24  26 
  3   25  27  46 
  3   11  26  28 
  3   27  29  48 
  3   12  28  30 
  3   29  31  50 
  3   14  30  32 
  3   31  33  51 
  3   32  34  54 
  3   15  33  35 
  3   17  34  36 
  3   35  37  55 
  3   19  36  38 
  3   37  39  57 
  3   38  40  59 
  3   20  39  41 
  3   40  42  61 
  3   22  41  43 
  3   42  44  62 
  3   24  43  45 
  3   44  46  64 
  3   26  45  47 
  3   46  48  66 
  3   28  47  49 
  3   48  50  68 
  3   30  49  51 
  3   32  50  52 
  3   51  53  69 
  3   52  54  72 
  3   33  53  55 
  3   36  54  56 
  3   55  57  72 
  3   38  56  58 
  3   57  59  73 
  3   39  58  60 
  3   59  61  75 
  3   41  60  62 
  3   43  61  63 
  3   62  64  76 
  3   45  63  65 
  3   64  66  77 
  3   47  65  67 
  3   66  68  79 
  3   49  67  69 
  3   52  68  70 
  3   69  71  79 
  3   70  72  73 
  3   53  56  71 
  3   58  71  74 
  3   73  75  78 
  3   60  74  76 
  3   63  75  77 
  3   65  76  78 
  3   74  77  79 
  3   67  70  78 
 80
  3    1   4   7 
  3    0   2  10 
  3    1   3  13 
  3    2   4  16 
  3    0   3   5 
  3    4   6  18 
  3    5   7  21 
  3    0   6   8 
  3    7   9  23 
  3    8  10  25 
  3    1   9  11 
  3   10  12  27 
  3   11  13  30 
  3    2  12  14 
  3   13  15  32 
  3   14  16  35 
  3    3  15  17 
  3   16  18  36 
  3    5  17  19 
  3   18  20  38 
  3   19  21  41 
  3    6  20  22 
  3   21  23  43 
  3    8  22  24 
  3   23  25  45 
  3    9  24  26 
  3   25  27  47 
  3   11  26  28 
  3   27  29  49 
  3   28  30  51 
  3   12  29  31 
  3   30  32  53 
  3   14  31  33 
  3   32  34  54 
  3   33  35  57 
  3   15  34  36 
  3   17  35  37 
  3   36  38  58 
  3   19  37  39 
  3   38  40  60 
  3   39  41  62 
  3   20  40  42 
  3   41  43  64 
  3   22  42  44 
  3   43  45  65 
  3   24  44  46 
  3   45  47  67 
  3   26  46  48 
  3   47  49  68 
  3   28  48  50 
  3   49  51  70 
  3   29  50  52 
  3   51  53  71 
  3   31  52  54 
  3   33  53  55 
  3   54  56  72 
  3   55  57  75 
  3   34  56  58 
  3   37  57  59 
  3   58  60  75 
  3   39  59  61 
  3   60  62  76 
  3   40  61  63 
  3   62  64  77 
  3   42  63  65 
  3   44  64  66 
  3   65  67  78 
  3   46  66  68 
  3   48  67  69 
  3   68  70  79 
  3   50  69  71 
  3   52  70  72 
  3   55  71  73 
  3   72  74  79 
  3   73  75  76 
  3   56  59  74 
  3   61  74  77 
  3   63  76  78 
  3   66  77  79 
  3   69  73  78 
 80
  3    1   4   8 
  3    0   2  11 
  3    1   3  14 
  3    2   4  17 
  3    0   3   5 
  3    4   6  19 
  3    5   7  21 
  3    6   8  24 
  3    0   7   9 
  3    8  10  26 
  3    9  11  28 
  3    1  10  12 
  3   11  13  30 
  3   12  14  32 
  3    2  13  15 
  3   14  16  34 
  3   15  17  36 
  3    3  16  18 
  3   17  19  38 
  3    5  18  20 
  3   19  21  40 
  3    6  20  22 
  3   21  23  42 
  3   22  24  45 
  3    7  23  25 
  3   24  26  46 
  3    9  25  27 
  3   26  28  48 
  3   10  27  29 
  3   28  30  50 
  3   12  29  31 
  3   30  32  52 
  3   13  31  33 
  3   32  34  54 
  3   15  33  35 
  3   34  36  56 
  3   16  35  37 
  3   36  38  58 
  3   18  37  39 
  3   38  40  59 
  3   20  39  41 
  3   40  42  61 
  3   22  41  43 
  3   42  44  62 
  3   43  45  65 
  3   23  44  46 
  3   25  45  47 
  3   46  48  66 
  3   27  47  49 
  3   48  50  68 
  3   29  49  51 
  3   50  52  69 
  3   31  51  53 
  3   52  54  71 
  3   33  53  55 
  3   54  56  72 
  3   35  55  57 
  3   56  58  74 
  3   37  57  59 
  3   39  58  60 
  3   59  61  75 
  3   41  60  62 
  3   43  61  63 
  3   62  64  76 
  3   63  65  79 
  3   44  64  66 
  3   47  65  67 
  3   66  68  79 
  3   49  67  69 
  3   51  68  70 
  3   69  71  78 
  3   53  70  72 
  3   55  71  73 
  3   72  74  77 
  3   57  73  75 
  3   60  74  76 
  3   63  75  77 
  3   73  76  78 
  3   70  77  79 
  3   64  67  78 
 80
  3    1   4   8 
  3    0   2  11 
  3    1   3  14 
  3    2   4  17 
  3    0   3   5 
  3    4   6  19 
  3    5   7  22 
  3    6   8  24 
  3    0   7   9 
  3    8  10  26 
  3    9  11  28 
  3    1  10  12 
  3   11  13  30 
  3   12  14  32 
  3    2  13  15 
  3   14  16  34 
  3   15  17  36 
  3    3  16  18 
  3   17  19  38 
  3    5  18  20 
  3   19  21  39 
  3   20  22  42 
  3    6  21  23 
  3   22  24  44 
  3    7  23  25 
  3   24  26  46 
  3    9  25  27 
  3   26  28  48 
  3   10  27  29 
  3   28  30  50 
  3   12  29  31 
  3   30  32  52 
  3   13  31  33 
  3   32  34  54 
  3   15  33  35 
  3   34  36  56 
  3   16  35  37 
  3   36  38  58 
  3   18  37  39 
  3   20  38  40 
  3   39  41  59 
  3   40  42  62 
  3   21  41  43 
  3   42  44  63 
  3   23  43  45 
  3   44  46  65 
  3   25  45  47 
  3   46  48  66 
  3   27  47  49 
  3   48  50  68 
  3   29  49  51 
  3   50  52  69 
  3   31  51  53 
  3   52  54  71 
  3   33  53  55 
  3   54  56  72 
  3   35  55  57 
  3   56  58  74 
  3   37  57  59 
  3   40  58  60 
  3   59  61  74 
  3   60  62  76 
  3   41  61  63 
  3   43  62  64 
  3   63  65  77 
  3   45  64  66 
  3   47  65  67 
  3   66  68  78 
  3   49  67  69 
  3   51  68  70 
  3   69  71  79 
  3   53  70  72 
  3   55  71  73 
  3   72  74  75 
  3   57  60  73 
  3   73  76  79 
  3   61  75  77 
  3   64  76  78 
  3   67  77  79 
  3   70  75  78 
 80
  3    1   4   7 
  3    0   2   9 
  3    1   3  11 
  3    2   4  13 
  3    0   3   5 
  3    4   6  15 
  3    5   7  18 
  3    0   6   8 
  3    7   9  20 
  3    1   8  10 
  3    9  11  22 
  3    2  10  12 
  3   11  13  24 
  3    3  12  14 
  3   13  15  26 
  3    5  14  16 
  3   15  17  28 
  3   16  18  30 
  3    6  17  19 
  3   18  20  32 
  3    8  19  21 
  3   20  22  34 
  3   10  21  23 
  3   22  24  36 
  3   12  23  25 
  3   24  26  38 
  3   14  25  27 
  3   26  28  40 
  3   16  27  29 
  3   28  30  42 
  3   17  29  31 
  3   30  32  44 
  3   19  31  33 
  3   32  34  46 
  3   21  33  35 
  3   34  36  48 
  3   23  35  37 
  3   36  38  50 
  3   25  37  39 
  3   38  40  52 
  3   27  39  41 
  3   40  42  54 
  3   29  41  43 
  3   42  44  56 
  3   31  43  45 
  3   44  46  58 
  3   33  45  47 
  3   46  48  60 
  3   35  47  49 
  3   48  50  62 
  3   37  49  51 
  3   50  52  64 
  3   39  51  53 
  3   52  54  66 
  3   41  53  55 
  3   54  56  68 
  3   43  55  57 
  3   56  58  70 
  3   45  57  59 
  3   58  60  71 
  3   47  59  61 
  3   60  62  73 
  3   49  61  63 
  3   62  64  75 
  3   51  63  65 
  3   64  66  76 
  3   53  65  67 
  3   66  68  77 
  3   55  67  69 
  3   68  70  79 
  3   57  69  71 
  3   59  70  72 
  3   71  73  79 
  3   61  72  74 
  3   73  75  78 
  3   63  74  76 
  3   65  75  77 
  3   67  76  78 
  3   74  77  79 
  3   69  72  78 
 80
  3    1   4   7 
  3    0   2   9 
  3    1   3  11 
  3    2   4  13 
  3    0   3   5 
  3    4   6  15 
  3    5   7  18 
  3    0   6   8 
  3    7   9  20 
  3    1   8  10 
  3    9  11  22 
  3    2  10  12 
  3   11  13  24 
  3    3  12  14 
  3   13  15  26 
  3    5  14  16 
  3   15  17  28 
  3   16  18  30 
  3    6  17  19 
  3   18  20  32 
  3    8  19  21 
  3   20  22  34 
  3   10  21  23 
  3   22  24  36 
  3   12  23  25 
  3   24  26  38 
  3   14  25  27 
  3   26  28  40 
  3   16  27  29 
  3   28  30  42 
  3   17  29  31 
  3   30  32  44 
  3   19  31  33 
  3   32  34  46 
  3   21  33  35 
  3   34  36  48 
  3   23  35  37 
  3   36  38  50 
  3   25  37  39 
  3   38  40  52 
  3   27  39  41 
  3   40  42  54 
  3   29  41  43 
  3   42  44  56 
  3   31  43  45 
  3   44  46  58 
  3   33  45  47 
  3   46  48  60 
  3   35  47  49 
  3   48  50  62 
  3   37  49  51 
  3   50  52  64 
  3   39  51  53 
  3   52  54  66 
  3   41  53  55 
  3   54  56  68 
  3   43  55  57 
  3   56  58  70 
  3   45  57  59 
  3   58  60  72 
  3   47  59  61 
  3   60  62  73 
  3   49  61  63 
  3   62  64  75 
  3   51  63  65 
  3   64  66  76 
  3   53  65  67 
  3   66  68  77 
  3   55  67  69 
  3   68  70  78 
  3   57  69  71 
  3   70  72  79 
  3   59  71  73 
  3   61  72  74 
  3   73  75  79 
  3   63  74  76 
  3   65  75  77 
  3   67  76  78 
  3   69  77  79 
  3   71  74  78 
 80
  3    1   4   7 
  3    0   2   9 
  3    1   3  11 
  3    2   4  13 
  3    0   3   5 
  3    4   6  15 
  3    5   7  18 
  3    0   6   8 
  3    7   9  20 
  3    1   8  10 
  3    9  11  22 
  3    2  10  12 
  3   11  13  24 
  3    3  12  14 
  3   13  15  26 
  3    5  14  16 
  3   15  17  28 
  3   16  18  31 
  3    6  17  19 
  3   18  20  33 
  3    8  19  21 
  3   20  22  35 
  3   10  21  23 
  3   22  24  37 
  3   12  23  25 
  3   24  26  39 
  3   14  25  27 
  3   26  28  41 
  3   16  27  29 
  3   28  30  43 
  3   29  31  45 
  3   17  30  32 
  3   31  33  47 
  3   19  32  34 
  3   33  35  49 
  3   21  34  36 
  3   35  37  51 
  3   23  36  38 
  3   37  39  53 
  3   25  38  40 
  3   39  41  55 
  3   27  40  42 
  3   41  43  57 
  3   29  42  44 
  3   43  45  58 
  3   30  44  46 
  3   45  47  60 
  3   32  46  48 
  3   47  49  62 
  3   34  48  50 
  3   49  51  64 
  3   36  50  52 
  3   51  53  66 
  3   38  52  54 
  3   53  55  68 
  3   40  54  56 
  3   55  57  70 
  3   42  56  58 
  3   44  57  59 
  3   58  60  71 
  3   46  59  61 
  3   60  62  73 
  3   48  61  63 
  3   62  64  75 
  3   50  63  65 
  3   64  66  76 
  3   52  65  67 
  3   66  68  77 
  3   54  67  69 
  3   68  70  79 
  3   56  69  71 
  3   59  70  72 
  3   71  73  79 
  3   61  72  74 
  3   73  75  78 
  3   63  74  76 
  3   65  75  77 
  3   67  76  78 
  3   74  77  79 
  3   69  72  78 
 80
  3    1   4   7 
  3    0   2   9 
  3    1   3  11 
  3    2   4  13 
  3    0   3   5 
  3    4   6  15 
  3    5   7  18 
  3    0   6   8 
  3    7   9  20 
  3    1   8  10 
  3    9  11  22 
  3    2  10  12 
  3   11  13  24 
  3    3  12  14 
  3   13  15  26 
  3    5  14  16 
  3   15  17  28 
  3   16  18  31 
  3    6  17  19 
  3   18  20  33 
  3    8  19  21 
  3   20  22  35 
  3   10  21  23 
  3   22  24  37 
  3   12  23  25 
  3   24  26  39 
  3   14  25  27 
  3   26  28  41 
  3   16  27  29 
  3   28  30  43 
  3   29  31  45 
  3   17  30  32 
  3   31  33  47 
  3   19  32  34 
  3   33  35  49 
  3   21  34  36 
  3   35  37  51 
  3   23  36  38 
  3   37  39  53 
  3   25  38  40 
  3   39  41  55 
  3   27  40  42 
  3   41  43  57 
  3   29  42  44 
  3   43  45  59 
  3   30  44  46 
  3   45  47  60 
  3   32  46  48 
  3   47  49  62 
  3   34  48  50 
  3   49  51  64 
  3   36  50  52 
  3   51  53  66 
  3   38  52  54 
  3   53  55  68 
  3   40  54  56 
  3   55  57  70 
  3   42  56  58 
  3   57  59  72 
  3   44  58  60 
  3   46  59  61 
  3   60  62  73 
  3   48  61  63 
  3   62  64  75 
  3   50  63  65 
  3   64  66  76 
  3   52  65  67 
  3   66  68  77 
  3   54  67  69 
  3   68  70  78 
  3   56  69  71 
  3   70  72  79 
  3   58  71  73 
  3   61  72  74 
  3   73  75  79 
  3   63  74  76 
  3   65  75  77 
  3   67  76  78 
  3   69  77  79 
  3   71  74  78 
 80
  3    1   4   7 
  3    0   2   9 
  3    1   3  11 
  3    2   4  13 
  3    0   3   5 
  3    4   6  15 
  3    5   7  18 
  3    0   6   8 
  3    7   9  20 
  3    1   8  10 
  3    9  11  22 
  3    2  10  12 
  3   11  13  24 
  3    3  12  14 
  3   13  15  26 
  3    5  14  16 
  3   15  17  28 
  3   16  18  31 
  3    6  17  19 
  3   18  20  33 
  3    8  19  21 
  3   20  22  35 
  3   10  21  23 
  3   22  24  37 
  3   12  23  25 
  3   24  26  39 
  3   14  25  27 
  3   26  28  41 
  3   16  27  29 
  3   28  30  43 
  3   29  31  45 
  3   17  30  32 
  3   31  33  47 
  3   19  32  34 
  3   33  35  49 
  3   21  34  36 
  3   35  37  51 
  3   23  36  38 
  3   37  39  53 
  3   25  38  40 
  3   39  41  55 
  3   27  40  42 
  3   41  43  57 
  3   29  42  44 
  3   43  45  59 
  3   30  44  46 
  3   45  47  61 
  3   32  46  48 
  3   47  49  63 
  3   34  48  50 
  3   49  51  64 
  3   36  50  52 
  3   51  53  66 
  3   38  52  54 
  3   53  55  68 
  3   40  54  56 
  3   55  57  70 
  3   42  56  58 
  3   57  59  71 
  3   44  58  60 
  3   59  61  73 
  3   46  60  62 
  3   61  63  75 
  3   48  62  64 
  3   50  63  65 
  3   64  66  76 
  3   52  65  67 
  3   66  68  77 
  3   54  67  69 
  3   68  70  79 
  3   56  69  71 
  3   58  70  72 
  3   71  73  79 
  3   60  72  74 
  3   73  75  78 
  3   62  74  76 
  3   65  75  77 
  3   67  76  78 
  3   74  77  79 
  3   69  72  78 
 80
  3    1   4   7 
  3    0   2   9 
  3    1   3  11 
  3    2   4  13 
  3    0   3   5 
  3    4   6  15 
  3    5   7  18 
  3    0   6   8 
  3    7   9  20 
  3    1   8  10 
  3    9  11  22 
  3    2  10  12 
  3   11  13  24 
  3    3  12  14 
  3   13  15  26 
  3    5  14  16 
  3   15  17  28 
  3   16  18  31 
  3    6  17  19 
  3   18  20  33 
  3    8  19  21 
  3   20  22  35 
  3   10  21  23 
  3   22  24  37 
  3   12  23  25 
  3   24  26  39 
  3   14  25  27 
  3   26  28  41 
  3   16  27  29 
  3   28  30  43 
  3   29  31  45 
  3   17  30  32 
  3   31  33  47 
  3   19  32  34 
  3   33  35  49 
  3   21  34  36 
  3   35  37  51 
  3   23  36  38 
  3   37  39  53 
  3   25  38  40 
  3   39  41  55 
  3   27  40  42 
  3   41  43  57 
  3   29  42  44 
  3   43  45  59 
  3   30  44  46 
  3   45  47  61 
  3   32  46  48 
  3   47  49  63 
  3   34  48  50 
  3   49  51  65 
  3   36  50  52 
  3   51  53  66 
  3   38  52  54 
  3   53  55  68 
  3   40  54  56 
  3   55  57  70 
  3   42  56  58 
  3   57  59  71 
  3   44  58  60 
  3   59  61  73 
  3   46  60  62 
  3   61  63  74 
  3   48  62  64 
  3   63  65  76 
  3   50  64  66 
  3   52  65  67 
  3   66  68  77 
  3   54  67  69 
  3   68  70  78 
  3   56  69  71 
  3   58  70  72 
  3   71  73  79 
  3   60  72  74 
  3   62  73  75 
  3   74  76  79 
  3   64  75  77 
  3   67  76  78 
  3   69  77  79 
  3   72  75  78 
 80
  3    1   4   7 
  3    0   2   9 
  3    1   3  11 
  3    2   4  13 
  3    0   3   5 
  3    4   6  15 
  3    5   7  18 
  3    0   6   8 
  3    7   9  20 
  3    1   8  10 
  3    9  11  22 
  3    2  10  12 
  3   11  13  24 
  3    3  12  14 
  3   13  15  26 
  3    5  14  16 
  3   15  17  28 
  3   16  18  31 
  3    6  17  19 
  3   18  20  33 
  3    8  19  21 
  3   20  22  35 
  3   10  21  23 
  3   22  24  37 
  3   12  23  25 
  3   24  26  39 
  3   14  25  27 
  3   26  28  41 
  3   16  27  29 
  3   28  30  43 
  3   29  31  45 
  3   17  30  32 
  3   31  33  47 
  3   19  32  34 
  3   33  35  49 
  3   21  34  36 
  3   35  37  51 
  3   23  36  38 
  3   37  39  53 
  3   25  38  40 
  3   39  41  55 
  3   27  40  42 
  3   41  43  57 
  3   29  42  44 
  3   43  45  59 
  3   30  44  46 
  3   45  47  61 
  3   32  46  48 
  3   47  49  63 
  3   34  48  50 
  3   49  51  65 
  3   36  50  52 
  3   51  53  66 
  3   38  52  54 
  3   53  55  68 
  3   40  54  56 
  3   55  57  70 
  3   42  56  58 
  3   57  59  71 
  3   44  58  60 
  3   59  61  73 
  3   46  60  62 
  3   61  63  75 
  3   48  62  64 
  3   63  65  76 
  3   50  64  66 
  3   52  65  67 
  3   66  68  77 
  3   54  67  69 
  3   68  70  79 
  3   56  69  71 
  3   58  70  72 
  3   71  73  79 
  3   60  72  74 
  3   73  75  78 
  3   62  74  76 
  3   64  75  77 
  3   67  76  78 
  3   74  77  79 
  3   69  72  78 
 80
  3    1   4   7 
  3    0   2   9 
  3    1   3  11 
  3    2   4  13 
  3    0   3   5 
  3    4   6  15 
  3    5   7  18 
  3    0   6   8 
  3    7   9  20 
  3    1   8  10 
  3    9  11  22 
  3    2  10  12 
  3   11  13  24 
  3    3  12  14 
  3   13  15  26 
  3    5  14  16 
  3   15  17  28 
  3   16  18  31 
  3    6  17  19 
  3   18  20  33 
  3    8  19  21 
  3   20  22  35 
  3   10  21  23 
  3   22  24  37 
  3   12  23  25 
  3   24  26  39 
  3   14  25  27 
  3   26  28  41 
  3   16  27  29 
  3   28  30  43 
  3   29  31  45 
  3   17  30  32 
  3   31  33  47 
  3   19  32  34 
  3   33  35  49 
  3   21  34  36 
  3   35  37  51 
  3   23  36  38 
  3   37  39  53 
  3   25  38  40 
  3   39  41  55 
  3   27  40  42 
  3   41  43  57 
  3   29  42  44 
  3   43  45  59 
  3   30  44  46 
  3   45  47  61 
  3   32  46  48 
  3   47  49  63 
  3   34  48  50 
  3   49  51  65 
  3   36  50  52 
  3   51  53  67 
  3   38  52  54 
  3   53  55  68 
  3   40  54  56 
  3   55  57  70 
  3   42  56  58 
  3   57  59  71 
  3   44  58  60 
  3   59  61  73 
  3   46  60  62 
  3   61  63  74 
  3   48  62  64 
  3   63  65  76 
  3   50  64  66 
  3   65  67  77 
  3   52  66  68 
  3   54  67  69 
  3   68  70  78 
  3   56  69  71 
  3   58  70  72 
  3   71  73  79 
  3   60  72  74 
  3   62  73  75 
  3   74  76  79 
  3   64  75  77 
  3   66  76  78 
  3   69  77  79 
  3   72  75  78 
 80
  3    1   4   7 
  3    0   2   9 
  3    1   3  11 
  3    2   4  13 
  3    0   3   5 
  3    4   6  15 
  3    5   7  18 
  3    0   6   8 
  3    7   9  20 
  3    1   8  10 
  3    9  11  22 
  3    2  10  12 
  3   11  13  24 
  3    3  12  14 
  3   13  15  26 
  3    5  14  16 
  3   15  17  28 
  3   16  18  31 
  3    6  17  19 
  3   18  20  33 
  3    8  19  21 
  3   20  22  35 
  3   10  21  23 
  3   22  24  37 
  3   12  23  25 
  3   24  26  39 
  3   14  25  27 
  3   26  28  41 
  3   16  27  29 
  3   28  30  43 
  3   29  31  45 
  3   17  30  32 
  3   31  33  47 
  3   19  32  34 
  3   33  35  49 
  3   21  34  36 
  3   35  37  51 
  3   23  36  38 
  3   37  39  53 
  3   25  38  40 
  3   39  41  55 
  3   27  40  42 
  3   41  43  57 
  3   29  42  44 
  3   43  45  59 
  3   30  44  46 
  3   45  47  61 
  3   32  46  48 
  3   47  49  63 
  3   34  48  50 
  3   49  51  65 
  3   36  50  52 
  3   51  53  67 
  3   38  52  54 
  3   53  55  68 
  3   40  54  56 
  3   55  57  70 
  3   42  56  58 
  3   57  59  72 
  3   44  58  60 
  3   59  61  73 
  3   46  60  62 
  3   61  63  74 
  3   48  62  64 
  3   63  65  76 
  3   50  64  66 
  3   65  67  77 
  3   52  66  68 
  3   54  67  69 
  3   68  70  78 
  3   56  69  71 
  3   70  72  79 
  3   58  71  73 
  3   60  72  74 
  3   62  73  75 
  3   74  76  79 
  3   64  75  77 
  3   66  76  78 
  3   69  77  79 
  3   71  75  78 
 80
  3    1   4   7 
  3    0   2   9 
  3    1   3  11 
  3    2   4  13 
  3    0   3   5 
  3    4   6  15 
  3    5   7  18 
  3    0   6   8 
  3    7   9  20 
  3    1   8  10 
  3    9  11  22 
  3    2  10  12 
  3   11  13  24 
  3    3  12  14 
  3   13  15  26 
  3    5  14  16 
  3   15  17  28 
  3   16  18  31 
  3    6  17  19 
  3   18  20  33 
  3    8  19  21 
  3   20  22  35 
  3   10  21  23 
  3   22  24  37 
  3   12  23  25 
  3   24  26  39 
  3   14  25  27 
  3   26  28  41 
  3   16  27  29 
  3   28  30  43 
  3   29  31  45 
  3   17  30  32 
  3   31  33  47 
  3   19  32  34 
  3   33  35  49 
  3   21  34  36 
  3   35  37  51 
  3   23  36  38 
  3   37  39  53 
  3   25  38  40 
  3   39  41  55 
  3   27  40  42 
  3   41  43  57 
  3   29  42  44 
  3   43  45  59 
  3   30  44  46 
  3   45  47  61 
  3   32  46  48 
  3   47  49  63 
  3   34  48  50 
  3   49  51  65 
  3   36  50  52 
  3   51  53  67 
  3   38  52  54 
  3   53  55  69 
  3   40  54  56 
  3   55  57  71 
  3   42  56  58 
  3   57  59  72 
  3   44  58  60 
  3   59  61  73 
  3   46  60  62 
  3   61  63  75 
  3   48  62  64 
  3   63  65  76 
  3   50  64  66 
  3   65  67  77 
  3   52  66  68 
  3   67  69  78 
  3   54  68  70 
  3   69  71  79 
  3   56  70  72 
  3   58  71  73 
  3   60  72  74 
  3   73  75  79 
  3   62  74  76 
  3   64  75  77 
  3   66  76  78 
  3   68  77  79 
  3   70  74  78 
 80
  3    1   4   7 
  3    0   2   9 
  3    1   3  11 
  3    2   4  13 
  3    0   3   5 
  3    4   6  15 
  3    5   7  18 
  3    0   6   8 
  3    7   9  20 
  3    1   8  10 
  3    9  11  22 
  3    2  10  12 
  3   11  13  24 
  3    3  12  14 
  3   13  15  26 
  3    5  14  16 
  3   15  17  28 
  3   16  18  31 
  3    6  17  19 
  3   18  20  33 
  3    8  19  21 
  3   20  22  35 
  3   10  21  23 
  3   22  24  37 
  3   12  23  25 
  3   24  26  39 
  3   14  25  27 
  3   26  28  41 
  3   16  27  29 
  3   28  30  43 
  3   29  31  46 
  3   17  30  32 
  3   31  33  47 
  3   19  32  34 
  3   33  35  49 
  3   21  34  36 
  3   35  37  51 
  3   23  36  38 
  3   37  39  53 
  3   25  38  40 
  3   39  41  55 
  3   27  40  42 
  3   41  43  57 
  3   29  42  44 
  3   43  45  59 
  3   44  46  62 
  3   30  45  47 
  3   32  46  48 
  3   47  49  63 
  3   34  48  50 
  3   49  51  65 
  3   36  50  52 
  3   51  53  67 
  3   38  52  54 
  3   53  55  69 
  3   40  54  56 
  3   55  57  70 
  3   42  56  58 
  3   57  59  72 
  3   44  58  60 
  3   59  61  73 
  3   60  62  76 
  3   45  61  63 
  3   48  62  64 
  3   63  65  76 
  3   50  64  66 
  3   65  67  77 
  3   52  66  68 
  3   67  69  78 
  3   54  68  70 
  3   56  69  71 
  3   70  72  79 
  3   58  71  73 
  3   60  72  74 
  3   73  75  79 
  3   74  76  77 
  3   61  64  75 
  3   66  75  78 
  3   68  77  79 
  3   71  74  78 
 80
  3    1   4   7 
  3    0   2   9 
  3    1   3  11 
  3    2   4  13 
  3    0   3   5 
  3    4   6  14 
  3    5   7  17 
  3    0   6   8 
  3    7   9  19 
  3    1   8  10 
  3    9  11  21 
  3    2  10  12 
  3   11  13  23 
  3    3  12  14 
  3    5  13  15 
  3   14  16  24 
  3   15  17  27 
  3    6  16  18 
  3   17  19  29 
  3    8  18  20 
  3   19  21  31 
  3   10  20  22 
  3   21  23  33 
  3   12  22  24 
  3   15  23  25 
  3   24  26  34 
  3   25  27  37 
  3   16  26  28 
  3   27  29  39 
  3   18  28  30 
  3   29  31  41 
  3   20  30  32 
  3   31  33  43 
  3   22  32  34 
  3   25  33  35 
  3   34  36  44 
  3   35  37  47 
  3   26  36  38 
  3   37  39  49 
  3   28  38  40 
  3   39  41  51 
  3   30  40  42 
  3   41  43  53 
  3   32  42  44 
  3   35  43  45 
  3   44  46  54 
  3   45  47  57 
  3   36  46  48 
  3   47  49  59 
  3   38  48  50 
  3   49  51  61 
  3   40  50  52 
  3   51  53  63 
  3   42  52  54 
  3   45  53  55 
  3   54  56  64 
  3   55  57  67 
  3   46  56  58 
  3   57  59  69 
  3   48  58  60 
  3   59  61  71 
  3   50  60  62 
  3   61  63  73 
  3   52  62  64 
  3   55  63  65 
  3   64  66  74 
  3   65  67  76 
  3   56  66  68 
  3   67  69  77 
  3   58  68  70 
  3   69  71  78 
  3   60  70  72 
  3   71  73  79 
  3   62  72  74 
  3   65  73  75 
  3   74  76  79 
  3   66  75  77 
  3   68  76  78 
  3   70  77  79 
  3   72  75  78 
 80
  3    1   4   7 
  3    0   2   9 
  3    1   3  11 
  3    2   4  13 
  3    0   3   5 
  3    4   6  15 
  3    5   7  17 
  3    0   6   8 
  3    7   9  19 
  3    1   8  10 
  3    9  11  21 
  3    2  10  12 
  3   11  13  23 
  3    3  12  14 
  3   13  15  25 
  3    5  14  16 
  3   15  17  27 
  3    6  16  18 
  3   17  19  29 
  3    8  18  20 
  3   19  21  31 
  3   10  20  22 
  3   21  23  33 
  3   12  22  24 
  3   23  25  35 
  3   14  24  26 
  3   25  27  37 
  3   16  26  28 
  3   27  29  39 
  3   18  28  30 
  3   29  31  41 
  3   20  30  32 
  3   31  33  43 
  3   22  32  34 
  3   33  35  45 
  3   24  34  36 
  3   35  37  47 
  3   26  36  38 
  3   37  39  49 
  3   28  38  40 
  3   39  41  51 
  3   30  40  42 
  3   41  43  53 
  3   32  42  44 
  3   43  45  55 
  3   34  44  46 
  3   45  47  57 
  3   36  46  48 
  3   47  49  59 
  3   38  48  50 
  3   49  51  61 
  3   40  50  52 
  3   51  53  63 
  3   42  52  54 
  3   53  55  65 
  3   44  54  56 
  3   55  57  67 
  3   46  56  58 
  3   57  59  69 
  3   48  58  60 
  3   59  61  71 
  3   50  60  62 
  3   61  63  73 
  3   52  62  64 
  3   63  65  74 
  3   54  64  66 
  3   65  67  76 
  3   56  66  68 
  3   67  69  77 
  3   58  68  70 
  3   69  71  78 
  3   60  70  72 
  3   71  73  79 
  3   62  72  74 
  3   64  73  75 
  3   74  76  79 
  3   66  75  77 
  3   68  76  78 
  3   70  77  79 
  3   72  75  78 
 80
  3    1   4   7 
  3    0   2   9 
  3    1   3  11 
  3    2   4  13 
  3    0   3   5 
  3    4   6  15 
  3    5   7  18 
  3    0   6   8 
  3    7   9  19 
  3    1   8  10 
  3    9  11  21 
  3    2  10  12 
  3   11  13  23 
  3    3  12  14 
  3   13  15  25 
  3    5  14  16 
  3   15  17  27 
  3   16  18  30 
  3    6  17  19 
  3    8  18  20 
  3   19  21  31 
  3   10  20  22 
  3   21  23  33 
  3   12  22  24 
  3   23  25  35 
  3   14  24  26 
  3   25  27  37 
  3   16  26  28 
  3   27  29  39 
  3   28  30  42 
  3   17  29  31 
  3   20  30  32 
  3   31  33  43 
  3   22  32  34 
  3   33  35  45 
  3   24  34  36 
  3   35  37  47 
  3   26  36  38 
  3   37  39  49 
  3   28  38  40 
  3   39  41  51 
  3   40  42  54 
  3   29  41  43 
  3   32  42  44 
  3   43  45  55 
  3   34  44  46 
  3   45  47  57 
  3   36  46  48 
  3   47  49  59 
  3   38  48  50 
  3   49  51  61 
  3   40  50  52 
  3   51  53  63 
  3   52  54  66 
  3   41  53  55 
  3   44  54  56 
  3   55  57  67 
  3   46  56  58 
  3   57  59  69 
  3   48  58  60 
  3   59  61  71 
  3   50  60  62 
  3   61  63  73 
  3   52  62  64 
  3   63  65  74 
  3   64  66  76 
  3   53  65  67 
  3   56  66  68 
  3   67  69  77 
  3   58  68  70 
  3   69  71  78 
  3   60  70  72 
  3   71  73  79 
  3   62  72  74 
  3   64  73  75 
  3   74  76  79 
  3   65  75  77 
  3   68  76  78 
  3   70  77  79 
  3   72  75  78 
 80
  3    1   4   7 
  3    0   2   9 
  3    1   3  11 
  3    2   4  13 
  3    0   3   5 
  3    4   6  15 
  3    5   7  18 
  3    0   6   8 
  3    7   9  20 
  3    1   8  10 
  3    9  11  21 
  3    2  10  12 
  3   11  13  23 
  3    3  12  14 
  3   13  15  25 
  3    5  14  16 
  3   15  17  27 
  3   16  18  30 
  3    6  17  19 
  3   18  20  32 
  3    8  19  21 
  3   10  20  22 
  3   21  23  33 
  3   12  22  24 
  3   23  25  35 
  3   14  24  26 
  3   25  27  37 
  3   16  26  28 
  3   27  29  39 
  3   28  30  42 
  3   17  29  31 
  3   30  32  44 
  3   19  31  33 
  3   22  32  34 
  3   33  35  45 
  3   24  34  36 
  3   35  37  47 
  3   26  36  38 
  3   37  39  49 
  3   28  38  40 
  3   39  41  51 
  3   40  42  54 
  3   29  41  43 
  3   42  44  56 
  3   31  43  45 
  3   34  44  46 
  3   45  47  57 
  3   36  46  48 
  3   47  49  59 
  3   38  48  50 
  3   49  51  61 
  3   40  50  52 
  3   51  53  63 
  3   52  54  66 
  3   41  53  55 
  3   54  56  68 
  3   43  55  57 
  3   46  56  58 
  3   57  59  69 
  3   48  58  60 
  3   59  61  71 
  3   50  60  62 
  3   61  63  73 
  3   52  62  64 
  3   63  65  74 
  3   64  66  76 
  3   53  65  67 
  3   66  68  77 
  3   55  67  69 
  3   58  68  70 
  3   69  71  78 
  3   60  70  72 
  3   71  73  79 
  3   62  72  74 
  3   64  73  75 
  3   74  76  79 
  3   65  75  77 
  3   67  76  78 
  3   70  77  79 
  3   72  75  78 
 80
  3    1   4   7 
  3    0   2   9 
  3    1   3  11 
  3    2   4  13 
  3    0   3   5 
  3    4   6  15 
  3    5   7  18 
  3    0   6   8 
  3    7   9  20 
  3    1   8  10 
  3    9  11  22 
  3    2  10  12 
  3   11  13  24 
  3    3  12  14 
  3   13  15  26 
  3    5  14  16 
  3   15  17  27 
  3   16  18  30 
  3    6  17  19 
  3   18  20  32 
  3    8  19  21 
  3   20  22  34 
  3   10  21  23 
  3   22  24  36 
  3   12  23  25 
  3   24  26  38 
  3   14  25  27 
  3   16  26  28 
  3   27  29  39 
  3   28  30  42 
  3   17  29  31 
  3   30  32  44 
  3   19  31  33 
  3   32  34  46 
  3   21  33  35 
  3   34  36  48 
  3   23  35  37 
  3   36  38  50 
  3   25  37  39 
  3   28  38  40 
  3   39  41  51 
  3   40  42  54 
  3   29  41  43 
  3   42  44  56 
  3   31  43  45 
  3   44  46  58 
  3   33  45  47 
  3   46  48  60 
  3   35  47  49 
  3   48  50  62 
  3   37  49  51 
  3   40  50  52 
  3   51  53  63 
  3   52  54  65 
  3   41  53  55 
  3   54  56  67 
  3   43  55  57 
  3   56  58  69 
  3   45  57  59 
  3   58  60  71 
  3   47  59  61 
  3   60  62  73 
  3   49  61  63 
  3   52  62  64 
  3   63  65  74 
  3   53  64  66 
  3   65  67  76 
  3   55  66  68 
  3   67  69  77 
  3   57  68  70 
  3   69  71  78 
  3   59  70  72 
  3   71  73  79 
  3   61  72  74 
  3   64  73  75 
  3   74  76  79 
  3   66  75  77 
  3   68  76  78 
  3   70  77  79 
  3   72  75  78 
 80
  3    1   4   7 
  3    0   2   9 
  3    1   3  11 
  3    2   4  13 
  3    0   3   5 
  3    4   6  15 
  3    5   7  18 
  3    0   6   8 
  3    7   9  20 
  3    1   8  10 
  3    9  11  22 
  3    2  10  12 
  3   11  13  24 
  3    3  12  14 
  3   13  15  26 
  3    5  14  16 
  3   15  17  27 
  3   16  18  30 
  3    6  17  19 
  3   18  20  32 
  3    8  19  21 
  3   20  22  34 
  3   10  21  23 
  3   22  24  36 
  3   12  23  25 
  3   24  26  38 
  3   14  25  27 
  3   16  26  28 
  3   27  29  39 
  3   28  30  42 
  3   17  29  31 
  3   30  32  44 
  3   19  31  33 
  3   32  34  46 
  3   21  33  35 
  3   34  36  48 
  3   23  35  37 
  3   36  38  50 
  3   25  37  39 
  3   28  38  40 
  3   39  41  51 
  3   40  42  54 
  3   29  41  43 
  3   42  44  56 
  3   31  43  45 
  3   44  46  58 
  3   33  45  47 
  3   46  48  60 
  3   35  47  49 
  3   48  50  62 
  3   37  49  51 
  3   40  50  52 
  3   51  53  63 
  3   52  54  66 
  3   41  53  55 
  3   54  56  67 
  3   43  55  57 
  3   56  58  69 
  3   45  57  59 
  3   58  60  71 
  3   47  59  61 
  3   60  62  73 
  3   49  61  63 
  3   52  62  64 
  3   63  65  74 
  3   64  66  76 
  3   53  65  67 
  3   55  66  68 
  3   67  69  77 
  3   57  68  70 
  3   69  71  78 
  3   59  70  72 
  3   71  73  79 
  3   61  72  74 
  3   64  73  75 
  3   74  76  79 
  3   65  75  77 
  3   68  76  78 
  3   70  77  79 
  3   72  75  78 
 80
  3    1   4   7 
  3    0   2   9 
  3    1   3  11 
  3    2   4  13 
  3    0   3   5 
  3    4   6  15 
  3    5   7  18 
  3    0   6   8 
  3    7   9  20 
  3    1   8  10 
  3    9  11  22 
  3    2  10  12 
  3   11  13  24 
  3    3  12  14 
  3   13  15  26 
  3    5  14  16 
  3   15  17  27 
  3   16  18  30 
  3    6  17  19 
  3   18  20  32 
  3    8  19  21 
  3   20  22  34 
  3   10  21  23 
  3   22  24  36 
  3   12  23  25 
  3   24  26  38 
  3   14  25  27 
  3   16  26  28 
  3   27  29  39 
  3   28  30  42 
  3   17  29  31 
  3   30  32  44 
  3   19  31  33 
  3   32  34  46 
  3   21  33  35 
  3   34  36  48 
  3   23  35  37 
  3   36  38  50 
  3   25  37  39 
  3   28  38  40 
  3   39  41  51 
  3   40  42  54 
  3   29  41  43 
  3   42  44  56 
  3   31  43  45 
  3   44  46  58 
  3   33  45  47 
  3   46  48  60 
  3   35  47  49 
  3   48  50  62 
  3   37  49  51 
  3   40  50  52 
  3   51  53  63 
  3   52  54  66 
  3   41  53  55 
  3   54  56  68 
  3   43  55  57 
  3   56  58  70 
  3   45  57  59 
  3   58  60  71 
  3   47  59  61 
  3   60  62  73 
  3   49  61  63 
  3   52  62  64 
  3   63  65  74 
  3   64  66  76 
  3   53  65  67 
  3   66  68  77 
  3   55  67  69 
  3   68  70  78 
  3   57  69  71 
  3   59  70  72 
  3   71  73  79 
  3   61  72  74 
  3   64  73  75 
  3   74  76  79 
  3   65  75  77 
  3   67  76  78 
  3   69  77  79 
  3   72  75  78 
 80
  3    1   4   7 
  3    0   2   9 
  3    1   3  11 
  3    2   4  13 
  3    0   3   5 
  3    4   6  15 
  3    5   7  18 
  3    0   6   8 
  3    7   9  20 
  3    1   8  10 
  3    9  11  22 
  3    2  10  12 
  3   11  13  24 
  3    3  12  14 
  3   13  15  26 
  3    5  14  16 
  3   15  17  27 
  3   16  18  30 
  3    6  17  19 
  3   18  20  32 
  3    8  19  21 
  3   20  22  34 
  3   10  21  23 
  3   22  24  36 
  3   12  23  25 
  3   24  26  38 
  3   14  25  27 
  3   16  26  28 
  3   27  29  39 
  3   28  30  42 
  3   17  29  31 
  3   30  32  44 
  3   19  31  33 
  3   32  34  46 
  3   21  33  35 
  3   34  36  48 
  3   23  35  37 
  3   36  38  50 
  3   25  37  39 
  3   28  38  40 
  3   39  41  51 
  3   40  42  54 
  3   29  41  43 
  3   42  44  56 
  3   31  43  45 
  3   44  46  58 
  3   33  45  47 
  3   46  48  60 
  3   35  47  49 
  3   48  50  62 
  3   37  49  51 
  3   40  50  52 
  3   51  53  63 
  3   52  54  66 
  3   41  53  55 
  3   54  56  68 
  3   43  55  57 
  3   56  58  70 
  3   45  57  59 
  3   58  60  72 
  3   47  59  61 
  3   60  62  73 
  3   49  61  63 
  3   52  62  64 
  3   63  65  74 
  3   64  66  76 
  3   53  65  67 
  3   66  68  77 
  3   55  67  69 
  3   68  70  78 
  3   57  69  71 
  3   70  72  79 
  3   59  71  73 
  3   61  72  74 
  3   64  73  75 
  3   74  76  79 
  3   65  75  77 
  3   67  76  78 
  3   69  77  79 
  3   71  75  78 
 80
  3    1   4   7 
  3    0   2   9 
  3    1   3  11 
  3    2   4  13 
  3    0   3   5 
  3    4   6  15 
  3    5   7  18 
  3    0   6   8 
  3    7   9  20 
  3    1   8  10 
  3    9  11  22 
  3    2  10  12 
  3   11  13  24 
  3    3  12  14 
  3   13  15  26 
  3    5  14  16 
  3   15  17  28 
  3   16  18  30 
  3    6  17  19 
  3   18  20  32 
  3    8  19  21 
  3   20  22  34 
  3   10  21  23 
  3   22  24  36 
  3   12  23  25 
  3   24  26  38 
  3   14  25  27 
  3   26  28  40 
  3   16  27  29 
  3   28  30  42 
  3   17  29  31 
  3   30  32  44 
  3   19  31  33 
  3   32  34  46 
  3   21  33  35 
  3   34  36  48 
  3   23  35  37 
  3   36  38  50 
  3   25  37  39 
  3   38  40  52 
  3   27  39  41 
  3   40  42  54 
  3   29  41  43 
  3   42  44  56 
  3   31  43  45 
  3   44  46  58 
  3   33  45  47 
  3   46  48  60 
  3   35  47  49 
  3   48  50  62 
  3   37  49  51 
  3   50  52  63 
  3   39  51  53 
  3   52  54  65 
  3   41  53  55 
  3   54  56  67 
  3   43  55  57 
  3   56  58  69 
  3   45  57  59 
  3   58  60  71 
  3   47  59  61 
  3   60  62  73 
  3   49  61  63 
  3   51  62  64 
  3   63  65  74 
  3   53  64  66 
  3   65  67  76 
  3   55  66  68 
  3   67  69  77 
  3   57  68  70 
  3   69  71  78 
  3   59  70  72 
  3   71  73  79 
  3   61  72  74 
  3   64  73  75 
  3   74  76  79 
  3   66  75  77 
  3   68  76  78 
  3   70  77  79 
  3   72  75  78 
 80
  3    1   4   7 
  3    0   2   9 
  3    1   3  11 
  3    2   4  13 
  3    0   3   5 
  3    4   6  15 
  3    5   7  18 
  3    0   6   8 
  3    7   9  20 
  3    1   8  10 
  3    9  11  22 
  3    2  10  12 
  3   11  13  24 
  3    3  12  14 
  3   13  15  26 
  3    5  14  16 
  3   15  17  28 
  3   16  18  30 
  3    6  17  19 
  3   18  20  32 
  3    8  19  21 
  3   20  22  34 
  3   10  21  23 
  3   22  24  36 
  3   12  23  25 
  3   24  26  38 
  3   14  25  27 
  3   26  28  40 
  3   16  27  29 
  3   28  30  42 
  3   17  29  31 
  3   30  32  44 
  3   19  31  33 
  3   32  34  46 
  3   21  33  35 
  3   34  36  48 
  3   23  35  37 
  3   36  38  50 
  3   25  37  39 
  3   38  40  52 
  3   27  39  41 
  3   40  42  54 
  3   29  41  43 
  3   42  44  56 
  3   31  43  45 
  3   44  46  58 
  3   33  45  47 
  3   46  48  60 
  3   35  47  49 
  3   48  50  62 
  3   37  49  51 
  3   50  52  64 
  3   39  51  53 
  3   52  54  66 
  3   41  53  55 
  3   54  56  67 
  3   43  55  57 
  3   56  58  69 
  3   45  57  59 
  3   58  60  71 
  3   47  59  61 
  3   60  62  73 
  3   49  61  63 
  3   62  64  74 
  3   51  63  65 
  3   64  66  76 
  3   53  65  67 
  3   55  66  68 
  3   67  69  77 
  3   57  68  70 
  3   69  71  78 
  3   59  70  72 
  3   71  73  79 
  3   61  72  74 
  3   63  73  75 
  3   74  76  79 
  3   65  75  77 
  3   68  76  78 
  3   70  77  79 
  3   72  75  78 
 80
  3    1   4   7 
  3    0   2   9 
  3    1   3  11 
  3    2   4  13 
  3    0   3   5 
  3    4   6  15 
  3    5   7  18 
  3    0   6   8 
  3    7   9  20 
  3    1   8  10 
  3    9  11  22 
  3    2  10  12 
  3   11  13  24 
  3    3  12  14 
  3   13  15  26 
  3    5  14  16 
  3   15  17  28 
  3   16  18  30 
  3    6  17  19 
  3   18  20  32 
  3    8  19  21 
  3   20  22  34 
  3   10  21  23 
  3   22  24  36 
  3   12  23  25 
  3   24  26  38 
  3   14  25  27 
  3   26  28  40 
  3   16  27  29 
  3   28  30  42 
  3   17  29  31 
  3   30  32  44 
  3   19  31  33 
  3   32  34  46 
  3   21  33  35 
  3   34  36  48 
  3   23  35  37 
  3   36  38  50 
  3   25  37  39 
  3   38  40  52 
  3   27  39  41 
  3   40  42  54 
  3   29  41  43 
  3   42  44  56 
  3   31  43  45 
  3   44  46  58 
  3   33  45  47 
  3   46  48  60 
  3   35  47  49 
  3   48  50  62 
  3   37  49  51 
  3   50  52  64 
  3   39  51  53 
  3   52  54  66 
  3   41  53  55 
  3   54  56  68 
  3   43  55  57 
  3   56  58  69 
  3   45  57  59 
  3   58  60  71 
  3   47  59  61 
  3   60  62  73 
  3   49  61  63 
  3   62  64  74 
  3   51  63  65 
  3   64  66  76 
  3   53  65  67 
  3   66  68  77 
  3   55  67  69 
  3   57  68  70 
  3   69  71  78 
  3   59  70  72 
  3   71  73  79 
  3   61  72  74 
  3   63  73  75 
  3   74  76  79 
  3   65  75  77 
  3   67  76  78 
  3   70  77  79 
  3   72  75  78 
